10
y.txt

1763212297 1763212297 1763212297 0 0
0
exec.txt

1763212297 1763212297 1763212297 0 0
0
sptest.txt

1763212297 1763212297 1763212297 0 0
0
z.txt

1763212297 1763212297 1763212297 0 0
0
t.txt

1763212297 1763212297 1763212297 0 0
0
acl.txt

1763212297 1763212297 1763212297 0 0
0
mouse.txt

1763212297 1763212297 1763212297 0 0
0
f2.txt

1763212297 1763212297 1763212297 0 0
0
persist.txt
alice
1763212310 1763212310 1763212865 0 0
2
bob 1
carol 2
do.sh
alice
1763212376 1763212376 1763212376 0 0
0
